MY_MMult = [
40 inf 0.000000e+00 
80 5.120000e-01 0.000000e+00 
120 5.760000e-01 0.000000e+00 
160 5.461333e-01 0.000000e+00 
200 5.333333e-01 0.000000e+00 
240 5.421176e-01 0.000000e+00 
280 5.354146e-01 0.000000e+00 
320 5.371803e-01 0.000000e+00 
360 5.332114e-01 0.000000e+00 
400 5.267490e-01 0.000000e+00 
440 5.242092e-01 0.000000e+00 
480 5.073028e-01 0.000000e+00 
520 4.916364e-01 0.000000e+00 
560 4.885007e-01 0.000000e+00 
600 4.920273e-01 0.000000e+00 
640 4.845545e-01 0.000000e+00 
680 4.771351e-01 0.000000e+00 
720 4.809897e-01 0.000000e+00 
760 4.792314e-01 0.000000e+00 
800 4.725427e-01 0.000000e+00 
];
